lastAccountName: Cloveh
timestamps:
  login: 1584984220394
  logout: 1584984271986
ipAddress: 73.202.132.130
lastlocation:
  world: world
  x: 208.5
  y: 63.0
  z: -161.5
  yaw: 5.7049513
  pitch: 0.0
logoutlocation:
  world: world
  x: 136.5225226316096
  y: 63.0
  z: -131.30000001192093
  yaw: 27.895115
  pitch: 29.85132
